uint8_t nonprefixTimings[256] = {
	4, 12, 8, 8, 4, 4, 8, 4, 20, 8, 8, 8, 4, 4, 8, 4, 
	4, 12, 8, 8, 4, 4, 8, 4, 12, 8, 8, 8, 4, 4, 8, 4, 
	0, 12, 8, 8, 4, 4, 8, 4, 0, 8, 8, 8, 4, 4, 8, 4, 
	0, 12, 8, 8, 12, 12, 12, 4, 0, 8, 8, 8, 4, 4, 8, 4, 
	4, 4, 4, 4, 4, 4, 8, 4, 4, 4, 4, 4, 4, 4, 8, 4, 
	4, 4, 4, 4, 4, 4, 8, 4, 4, 4, 4, 4, 4, 4, 8, 4, 
	4, 4, 4, 4, 4, 4, 8, 4, 4, 4, 4, 4, 4, 4, 8, 4, 
	8, 8, 8, 8, 8, 8, 4, 8, 4, 4, 4, 4, 4, 4, 8, 4, 
	4, 4, 4, 4, 4, 4, 8, 4, 4, 4, 4, 4, 4, 4, 8, 4, 
	4, 4, 4, 4, 4, 4, 8, 4, 4, 4, 4, 4, 4, 4, 8, 4, 
	4, 4, 4, 4, 4, 4, 8, 4, 4, 4, 4, 4, 4, 4, 8, 4, 
	4, 4, 4, 4, 4, 4, 8, 4, 4, 4, 4, 4, 4, 4, 8, 4, 
	0, 12, 0, 16, 0, 16, 8, 16, 0, 16, 0, 4, 0, 24, 8, 16, 
	0, 12, 0, 0, 0, 16, 8, 16, 0, 16, 0, 0, 0, 0, 8, 16, 
	12, 12, 8, 0, 0, 16, 8, 16, 16, 4, 16, 0, 0, 0, 8, 16, 
	12, 12, 8, 4, 0, 16, 8, 16, 12, 8, 16, 4, 0, 0, 8, 16
	};