uint8_t prefixTimings[256] = {
	8, 8, 8, 8, 8, 8, 16, 8, 8, 8, 8, 8, 8, 8, 16, 8, 
	8, 8, 8, 8, 8, 8, 16, 8, 8, 8, 8, 8, 8, 8, 16, 8, 
	8, 8, 8, 8, 8, 8, 16, 8, 8, 8, 8, 8, 8, 8, 16, 8, 
	8, 8, 8, 8, 8, 8, 16, 8, 8, 8, 8, 8, 8, 8, 16, 8, 
	8, 8, 8, 8, 8, 8, 12, 8, 8, 8, 8, 8, 8, 8, 12, 8, 
	8, 8, 8, 8, 8, 8, 12, 8, 8, 8, 8, 8, 8, 8, 12, 8, 
	8, 8, 8, 8, 8, 8, 12, 8, 8, 8, 8, 8, 8, 8, 12, 8, 
	8, 8, 8, 8, 8, 8, 12, 8, 8, 8, 8, 8, 8, 8, 12, 8, 
	8, 8, 8, 8, 8, 8, 16, 8, 8, 8, 8, 8, 8, 8, 16, 8, 
	8, 8, 8, 8, 8, 8, 16, 8, 8, 8, 8, 8, 8, 8, 16, 8, 
	8, 8, 8, 8, 8, 8, 16, 8, 8, 8, 8, 8, 8, 8, 16, 8, 
	8, 8, 8, 8, 8, 8, 16, 8, 8, 8, 8, 8, 8, 8, 16, 8, 
	8, 8, 8, 8, 8, 8, 16, 8, 8, 8, 8, 8, 8, 8, 16, 8, 
	8, 8, 8, 8, 8, 8, 16, 8, 8, 8, 8, 8, 8, 8, 16, 8, 
	8, 8, 8, 8, 8, 8, 16, 8, 8, 8, 8, 8, 8, 8, 16, 8, 
	8, 8, 8, 8, 8, 8, 16, 8, 8, 8, 8, 8, 8, 8, 16, 8
	};